     0/299     14.8G    0.1211   0.08264    0.1221    0.3258       211       640         0         0         0         0    0.1073   0.07644     0.119
     1/299     14.8G    0.1155   0.08329    0.1208    0.3196       187       640         0         0         0         0     0.106   0.07562    0.1184
     2/299     14.8G    0.1098   0.08878    0.1205    0.3191       184       640         0         0         0         0    0.1054   0.07535    0.1179
     3/299     14.8G    0.1109   0.08255    0.1223    0.3157       157       640         0         0         0         0    0.1045   0.07629    0.1173
     4/299     14.8G    0.1075   0.09042    0.1194    0.3173       292       640         0         0         0         0    0.1037   0.07707    0.1167
     5/299     14.8G    0.1069   0.09507    0.1172    0.3192       226       640         0         0         0         0    0.1032   0.07728    0.1161
     6/299     14.8G    0.1074   0.08109    0.1163    0.3047       184       640         0         0         0         0     0.103   0.07719    0.1154
     7/299     14.8G    0.1054   0.09994    0.1157     0.321       167       640         0         0         0         0    0.1029   0.07732    0.1148
     8/299     14.8G    0.1053   0.09489    0.1148     0.315       200       640         0         0         0         0    0.1028   0.07748    0.1142
     9/299     14.8G     0.106   0.09365    0.1131    0.3127       178       640         0         0         0         0    0.1029    0.0773    0.1135
    10/299     14.8G    0.1057   0.09345    0.1132    0.3124       174       640         0         0         0         0    0.1031   0.07683    0.1127
    11/299     14.8G    0.1046   0.08917    0.1115    0.3052       164       640         0         0 6.117e-05 9.794e-06    0.1036   0.07566    0.1117
    12/299     14.8G    0.1051   0.09978    0.1114    0.3163       262       640         0         0 3.818e-07 8.457e-08     0.103   0.07653    0.1111
    13/299     14.8G    0.1043    0.0945    0.1107    0.3094       193       640         0         0 5.893e-07 5.893e-08    0.1028   0.07692    0.1103
    14/299     14.8G    0.1042   0.08964    0.1099    0.3037       169       640         0         0  2.81e-06 4.706e-07    0.1042   0.07322     0.111
    15/299     14.8G    0.1059   0.09557    0.1105     0.312       210       640         0         0 7.698e-05 5.014e-05    0.1079   0.07008    0.1307
    16/299     15.2G    0.1035   0.09236    0.1084    0.3042       148       640  0.001942 0.0001109 8.703e-05 1.475e-05    0.1076    0.0706    0.1292
    17/299     14.8G    0.1051   0.08971    0.1062     0.301       231       640  0.001931 0.0003327 0.0001652  5.93e-05     0.106   0.07157    0.1145
    18/299     14.8G    0.1052   0.08998    0.1082    0.3034       300       640   0.01118 5.545e-05  0.000195  0.000117    0.1033   0.07393     0.107
    19/299     14.8G    0.1043   0.09486    0.1058     0.305       208       640         0         0 3.736e-05 7.032e-06    0.1027   0.07482    0.1056
    20/299     14.8G     0.104   0.08815    0.1047    0.2968       235       640         0         0 1.758e-05 2.529e-06     0.102   0.07587     0.105
    21/299     14.8G    0.1048   0.08679    0.1038    0.2953       206       640         0         0 2.914e-05 4.026e-06     0.102   0.07536    0.1046
    22/299     14.8G    0.1031   0.09669    0.1038    0.3036       187       640         0         0 3.147e-05 5.697e-06    0.1023   0.07439    0.1043
    23/299     14.8G    0.1037   0.08712    0.1043    0.2951       201       640         0         0 2.033e-05 3.211e-06    0.1035   0.07258    0.1049
    24/299     14.8G    0.1022   0.09824    0.1044    0.3048       201       640 0.0003339 5.545e-05 0.0001045 2.945e-05    0.1062   0.07057    0.1112
    25/299     14.8G    0.1027     0.101       0.1    0.3037       165       640  0.001528  0.003542 0.0003305  0.000107    0.1091   0.06606    0.1306
    26/299     14.8G    0.1027   0.08922    0.1017    0.2936       175       640         0         0 0.0001467 4.277e-05    0.1073   0.06665    0.1237
    27/299     14.8G    0.1034   0.09735    0.1011    0.3018       210       640  0.002197  0.001139  0.001892  0.001002    0.1056    0.0687    0.1102
    28/299     14.8G    0.1018    0.1041   0.09938    0.3052       184       640  0.002239  0.001139 0.0003779 0.0002751    0.1029   0.07437    0.1017
    29/299     14.8G    0.1004   0.09772    0.0994    0.2975       233       640         0         0 0.0002707 5.626e-05    0.1016   0.07524   0.09956
    30/299     14.8G    0.1027   0.09306     0.101    0.2968       234       640         0         0 0.0001422 2.962e-05    0.1013   0.07552   0.09904
    31/299     14.8G    0.1014   0.09729   0.09996    0.2986       230       640         0         0 7.916e-05 1.933e-05    0.1017   0.07404   0.09906
    32/299     14.8G     0.102   0.09371   0.09786    0.2936       254       640         0         0 7.965e-05 1.687e-05    0.1016   0.07413   0.09883
    33/299     14.8G    0.1005   0.09928   0.09741    0.2971       217       640         0         0 8.926e-05 1.712e-05    0.1008    0.0749   0.09814
    34/299     14.8G    0.1012   0.09287   0.09806    0.2921       192       640         0         0 0.0001629 2.781e-05    0.1007   0.07448   0.09767
    35/299     14.8G    0.1002   0.09513   0.09951    0.2949       243       640         0         0 0.0001334 2.495e-05    0.1004   0.07471   0.09705
    36/299     14.8G    0.1004   0.09837   0.09697    0.2958       133       640         0         0 0.0001707 2.913e-05    0.1001   0.07521   0.09644
    37/299     14.8G    0.1001   0.09396    0.0963    0.2904       192       640         0         0 0.0001781 2.878e-05   0.09992   0.07524   0.09591
    38/299     14.8G   0.09959    0.1021   0.09868    0.3004       254       640         0         0 0.0002076 4.774e-05   0.09933   0.07661   0.09556
    39/299     14.8G   0.09946   0.09295   0.09565    0.2881       157       640  0.003465 0.0001664 0.0002811 5.147e-05   0.09969   0.07501   0.09527
    40/299     14.8G   0.09958    0.0961    0.0967    0.2924       238       640  0.002026 0.0002773 0.0002633 7.211e-05   0.09985   0.07464    0.0949
    41/299     14.8G   0.09896   0.09656   0.09517    0.2907       181       640  0.002017 0.0001664 0.0003792 9.892e-05   0.09865   0.07803   0.09431
    42/299     14.8G   0.09847    0.1063   0.09676    0.3015       181       640  0.001874 0.0002218 0.0002533 5.866e-05   0.09809   0.07841   0.09395
    43/299     14.8G   0.09922   0.09387   0.09554    0.2886       224       640   0.01408 5.545e-05 0.0003149 7.779e-05   0.09742   0.07791   0.09356
    44/299     14.8G   0.09705   0.09965   0.09622    0.2929       213       640  0.004289 0.0002218 0.0003576 5.627e-05   0.09701    0.0791   0.09314
    45/299     14.8G   0.09968    0.1024   0.09243    0.2945       229       640  0.001476  0.001054 0.0006573 0.0001501   0.09706   0.08095   0.09284
    46/299     14.8G   0.09663   0.09971   0.09239    0.2887       238       640  0.006969 0.0001635 0.0006116 0.0001103   0.09627   0.07973   0.09249
    47/299     14.8G   0.09726    0.1025   0.09137    0.2911       202       640   0.00612 0.0002218  0.001604 0.0003856   0.09617   0.07945   0.09208
    48/299     14.8G   0.09691   0.09962   0.09814    0.2947       210       640         0         0  0.002463  0.001179    0.0966   0.07755   0.09174
    49/299     14.8G   0.09653    0.0904   0.09562    0.2825       208       640  0.003486 0.0002738  0.001184 0.0002708   0.09584   0.07888   0.09152
    50/299     14.8G   0.09706    0.1015   0.09078    0.2893       194       640   0.01745 0.0006694  0.001736 0.0004098   0.09559   0.08057   0.09133
    51/299     14.8G   0.09706   0.09441   0.09558     0.287       252       640   0.01646  0.001613  0.002836 0.0009435   0.09538   0.07936   0.09138
    52/299     14.8G   0.09632   0.09932    0.0905    0.2861       194       640   0.01586  0.001842  0.005568  0.001927   0.09466   0.08135   0.09065
    53/299     14.8G   0.09466    0.1056   0.09232    0.2925       210       640   0.01609   0.00196   0.00671  0.002129   0.09446   0.08284   0.09025
    54/299     14.8G   0.09567     0.094   0.09098    0.2806       170       640     0.029    0.0034  0.006575  0.002899   0.09479   0.08392    0.0898
    55/299     14.8G   0.09521    0.0944   0.09155    0.2812       218       640   0.03036  0.003968  0.009372  0.003595   0.09455   0.08014   0.08951
    56/299     14.8G   0.09591   0.09815   0.09288    0.2869       198       640   0.01545  0.002079  0.004631  0.001035   0.09421    0.0815   0.08903
    57/299     14.8G   0.09519   0.09515   0.08962      0.28       240       640  0.003364  0.005328  0.004137 0.0009311   0.09523   0.08507   0.08921
    58/299     14.8G   0.09535   0.09048    0.0934    0.2792       166       640         0         0  0.003144 0.0009249   0.09495   0.07949   0.08883
    59/299     14.8G   0.09403    0.1023    0.0917     0.288       155       640   0.03174  0.001496  0.006676   0.00235   0.09361   0.08266   0.08859
    60/299     14.8G   0.09464    0.1029   0.09352    0.2911       236       640   0.01408 0.0008803  0.007356  0.002132   0.09449   0.07794   0.08885
    61/299     14.8G   0.09357    0.1122   0.08993    0.2957       281       640   0.03334  0.002143   0.01027  0.002991   0.09355   0.08076   0.08831
    62/299     14.8G   0.09341    0.1092   0.09031    0.2929       190       640  0.005989  0.001873  0.004125 0.0008725   0.09408   0.08418   0.08828
    63/299     14.8G   0.09391    0.1012   0.08993    0.2851       184       640  0.001602 0.0001109   0.00387  0.001137   0.09299     0.082   0.08786
    64/299     14.8G   0.09363   0.09818   0.08857    0.2804       223       640   0.01841   0.00337  0.003633  0.001387   0.09292   0.08206   0.08689
    65/299     14.8G   0.09314   0.09731   0.08893    0.2794       176       640   0.02074  0.003059  0.006257  0.001868   0.09204   0.08202   0.08574
    66/299     14.8G    0.0913   0.09573   0.08744    0.2745       159       640   0.01879  0.003281   0.01219  0.004362    0.0924   0.08086    0.0853
    67/299     14.8G   0.09348    0.1016   0.09123    0.2863       174       640   0.04797  0.003784   0.01327  0.003323   0.09217   0.07977   0.08509
    68/299     14.8G   0.09134   0.09166    0.0894    0.2724       129       640   0.03043  0.002141  0.004344  0.001123    0.0943   0.07945   0.08602
    69/299     14.8G   0.09283   0.09845   0.09012    0.2814       246       640   0.01536  0.003175  0.006029  0.001386   0.09309   0.07968   0.08502
    70/299     14.8G   0.09129   0.09838     0.089    0.2787       117       640   0.02913  0.004457   0.01306  0.003198   0.09198   0.07863   0.08396
    71/299     14.8G    0.0914    0.1024   0.08816    0.2819       137       640     0.018  0.003003  0.008844  0.003114   0.09135   0.07957   0.08362
    72/299     14.8G   0.09154    0.1054   0.08652    0.2835       238       640  0.002661  0.002622  0.003008 0.0006913   0.09357   0.08111    0.0848
    73/299     14.8G   0.09184    0.1004   0.08747    0.2797       159       640    0.0603   0.02126    0.0309   0.01499   0.08923   0.08147   0.08298
    74/299     14.8G   0.09254    0.1061   0.08668    0.2853       172       640   0.02208   0.01196   0.01273  0.003987   0.09062   0.08676   0.08337
    75/299     14.8G   0.09176   0.09213   0.08477    0.2687       152       640    0.0575   0.00753   0.01302  0.003173   0.09516   0.07412   0.08346
    76/299     14.8G   0.09107   0.09356   0.08526    0.2699       201       640   0.02984   0.01332   0.01127  0.004316   0.09164   0.09218   0.08354
    77/299     14.8G   0.08918    0.0983    0.0852    0.2727       173       640   0.02874  0.006214  0.009618  0.002926   0.09138   0.08814   0.08399
    78/299     14.8G   0.09072    0.1025   0.08689    0.2802       184       640   0.04313  0.006455   0.01816  0.004254   0.09234   0.07869   0.08354
    79/299     14.8G   0.08969   0.09754    0.0864    0.2736       173       640   0.06419  0.008038    0.0167   0.00407   0.09188    0.0781   0.08481
    80/299     14.8G   0.08926    0.1053    0.0843    0.2789       208       640    0.0661   0.01014   0.01944  0.004672   0.09044   0.07845   0.08298
    81/299     14.8G   0.08891    0.1026   0.08478    0.2763       201       640   0.03217  0.008318   0.01786  0.004599     0.091   0.08311    0.0817
    82/299     14.8G   0.09064    0.1031   0.08456    0.2783       196       640   0.04116   0.01173   0.02708  0.007341   0.08993   0.07909   0.08107
    83/299     14.8G   0.08967     0.104   0.08181    0.2755       244       640   0.05198   0.01455   0.02717  0.007914   0.09038   0.08072   0.08117
    84/299     14.8G    0.0906   0.09716   0.08284    0.2706       194       640   0.03015  0.006323   0.02025  0.004978   0.09031   0.07406   0.07905
    85/299     14.8G      0.09   0.09759    0.0825    0.2701       242       640   0.01759  0.008774   0.01418  0.003247   0.09203   0.08307   0.08147
    86/299     14.8G   0.08962   0.09215   0.08063    0.2624       119       640   0.06084   0.01561   0.01519  0.004656   0.09188   0.08015   0.08143
    87/299     14.8G   0.08904   0.09953   0.08103    0.2696       186       640   0.01864  0.002915    0.0107   0.00185   0.09603   0.07782   0.08292
    88/299     14.8G   0.08928    0.1026   0.08053    0.2724       238       640   0.03265  0.006882  0.009967  0.003744   0.09552   0.07901   0.08599
    89/299     14.8G   0.08757   0.09885   0.08223    0.2687       184       640   0.03631   0.02305   0.02535  0.006157   0.08958   0.07784   0.07809
    90/299     14.8G   0.08747   0.09363   0.07838    0.2595       244       640   0.01977      0.03   0.03071  0.008642   0.08602   0.07856   0.07567
    91/299     14.8G   0.08811   0.09765   0.07732    0.2631       215       640   0.06536    0.0278   0.03044  0.008793   0.08561   0.07976   0.07691
    92/299     14.8G   0.08793    0.1007   0.07973    0.2684       231       640   0.03109   0.01978   0.02133  0.006328   0.08767   0.08031   0.07777
    93/299     14.8G   0.08898   0.09881   0.07792    0.2657       250       640   0.04651    0.0348   0.04141   0.01234   0.08505   0.07735   0.07584
    94/299     14.8G   0.08403   0.09915   0.07886     0.262       232       640   0.08091   0.04326   0.04919   0.01621   0.08333   0.07527   0.07448
    95/299     14.8G   0.08527    0.1005   0.07801    0.2638       210       640   0.07847    0.0505   0.05133   0.01691   0.08307   0.07492   0.07307
    96/299     14.8G   0.08537   0.09827   0.07514    0.2588       159       640   0.04241   0.03052   0.03169  0.008858   0.08613   0.07881    0.0751
    97/299     14.8G   0.08638    0.1035   0.07917     0.269       290       640   0.07137   0.05926   0.05334   0.01445   0.08544   0.07614   0.07254
    98/299     14.8G   0.08634    0.1032   0.07782    0.2673       224       640   0.09499    0.0616   0.05736      0.02    0.0832   0.07849   0.07234
    99/299     14.8G   0.08613   0.09699   0.07825    0.2614       158       640   0.03357   0.03796   0.03652   0.01143   0.08423   0.07796   0.07386
   100/299     14.8G    0.0861   0.09661    0.0759    0.2586       284       640   0.05527    0.0583   0.05573   0.01976   0.08345   0.07438   0.07064
   101/299     14.8G   0.08694   0.09592   0.07716      0.26       157       640   0.02464   0.02352   0.02568  0.006566   0.08899    0.0757   0.07425
   102/299     14.8G   0.08403   0.09184   0.07642    0.2523       144       640   0.04623   0.02348   0.02506  0.008132   0.08966   0.07788   0.07631
   103/299     14.8G   0.08445    0.1017   0.07659    0.2628       167       640   0.01839   0.01818   0.02491  0.006229   0.09162   0.07453   0.07843
   104/299     14.8G   0.08931   0.09799   0.07542    0.2627       201       640   0.04819   0.03109   0.02163  0.005106   0.09192   0.07421    0.0734
   105/299     14.8G   0.09002   0.08592   0.07569    0.2516       165       640   0.02237   0.01351   0.02348   0.00508   0.09415   0.08002   0.07759
   106/299     14.8G   0.08841   0.08761   0.07368    0.2497       200       640   0.04888    0.0322   0.04035   0.01202   0.09009   0.07356   0.07297
   107/299     14.8G    0.0894   0.08496   0.07356    0.2479       202       640    0.0867   0.05385   0.06329   0.02181   0.08765    0.0742   0.07078
   108/299     14.8G     0.088   0.09081   0.07374    0.2525       282       640     0.115   0.07298   0.08305   0.02208   0.08536   0.07482   0.06973
   109/299     14.8G    0.0868   0.09476    0.0753    0.2569       192       640   0.04036   0.03035   0.03994   0.01249    0.0905   0.07698   0.07501
   110/299     14.8G   0.08729   0.09558   0.07384    0.2567       229       640   0.04969   0.02192    0.0348  0.009629   0.09107   0.08313   0.07799
   111/299     14.8G    0.0863   0.09056    0.0713    0.2482       228       640    0.1048    0.0566   0.06853   0.02214    0.0826   0.07694   0.06842
   112/299     14.8G   0.08222   0.09965   0.07079    0.2527       184       640   0.09826   0.06904   0.08408   0.02748   0.08074   0.07387   0.06854
   113/299     14.8G   0.08462   0.09633   0.06932    0.2503       250       640    0.1182   0.07795   0.08032      0.02   0.08242   0.07575   0.06955
   114/299     14.8G   0.08335   0.09869   0.07181    0.2538       177       640    0.1222     0.105   0.09402    0.0295   0.08024   0.07731   0.06694
   115/299     14.8G   0.08619   0.09618   0.06985    0.2522       152       640   0.09512    0.1156   0.08376   0.02859    0.0831   0.07714   0.06594
   116/299     14.8G   0.08519   0.08434   0.07302    0.2425       195       640     0.151    0.1228    0.1102   0.03853   0.08134   0.07736   0.06591
   117/299     14.8G   0.08474   0.08859   0.07069     0.244       176       640    0.1214    0.1387   0.09964    0.0326   0.08095   0.08323   0.06524
   118/299     14.8G   0.08403   0.09526   0.06845    0.2477       276       640    0.1054    0.1181    0.1066   0.03605   0.08095   0.07726   0.06411
   119/299     14.8G   0.08426   0.09335   0.07201    0.2496       200       640    0.1001    0.1132   0.08559   0.02375   0.08334   0.07809   0.06709
   120/299     14.8G   0.08523    0.0897   0.06886    0.2438       196       640    0.1136   0.08756   0.07508   0.02338   0.08559   0.07337   0.06654
   121/299     14.8G   0.08538   0.09387    0.0719    0.2512       242       640    0.1229   0.08667   0.09107   0.02861   0.08275   0.07375   0.06707
   122/299     14.8G   0.08346   0.09138   0.06875    0.2436       173       640    0.1268   0.09681    0.1004   0.03844   0.08121   0.07375   0.06601
   123/299     14.8G   0.08304   0.09205   0.06884    0.2439       146       640    0.1133    0.1077    0.1186   0.04724   0.07773   0.07137   0.06248
   124/299     14.8G   0.08293    0.0971   0.06865    0.2487       152       640    0.1605    0.1077    0.1126   0.03739   0.07809   0.07586   0.06516
   125/299     14.8G   0.08378   0.09216   0.06618    0.2421       187       640     0.105    0.1049    0.1035   0.03438   0.08102   0.07763   0.06592
   126/299     14.8G   0.08585    0.0921   0.06871    0.2467       257       640    0.1399    0.1464    0.1149   0.04108   0.08042   0.07438   0.06186
   127/299     14.8G   0.08066   0.09604   0.06587    0.2426       203       640     0.109    0.1412    0.1193   0.04647   0.07984    0.0869   0.06325
   128/299     14.8G   0.08106   0.09895   0.06715    0.2472       179       640    0.1139    0.1117    0.1278   0.04255   0.07877   0.07337   0.06054
   129/299     14.8G   0.08177   0.09715   0.06349    0.2424       173       640   0.09613    0.1049    0.0883    0.0309   0.07931   0.07439   0.06116
   130/299     14.8G    0.0793   0.08899   0.06819    0.2365       284       640    0.1716    0.1151    0.1236   0.04845   0.07984   0.07686   0.06329
   131/299     14.8G   0.08139   0.09246   0.06329    0.2371       212       640    0.1301    0.1137   0.09921   0.04161   0.08225   0.07496    0.0647
   132/299     14.8G   0.08261   0.09387   0.06649     0.243       157       640    0.1394    0.1459    0.1467   0.05278   0.07893   0.06788   0.05766
   133/299     14.8G    0.0808   0.08741   0.06543    0.2336       161       640     0.142    0.1383    0.1356   0.05155   0.07909   0.07093   0.05747
   134/299     14.8G    0.0807   0.08896   0.06159    0.2312       175       640    0.1177    0.1597    0.1384   0.05326   0.07734   0.07196   0.05668
   135/299     14.8G   0.07948   0.08545   0.06555    0.2305       213       640    0.1197    0.1346    0.1139   0.04032   0.07918   0.07048   0.05767
   136/299     14.8G   0.07962   0.09631   0.06287    0.2388       203       640   0.09867    0.1463    0.1336     0.045   0.07882    0.0737   0.05667
   137/299     14.8G   0.08166   0.08808    0.0659    0.2356       152       640    0.1814    0.1638    0.1576   0.05635   0.07762   0.06966   0.05788
   138/299     14.8G   0.08172   0.08788   0.06275    0.2323       151       640    0.1548    0.1701    0.1552    0.0532   0.07854   0.06876   0.05495
   139/299     14.8G   0.07867   0.08498   0.06103    0.2247       190       640    0.2094    0.1941    0.1778   0.06377   0.07422   0.06949   0.05561
   140/299     14.8G   0.07843   0.09442   0.06243    0.2353       207       640    0.1885    0.2169    0.1801   0.06807   0.07497   0.07758   0.05663
   141/299     14.8G   0.07941   0.09337   0.05816    0.2309       254       640    0.1246   0.09709    0.1129   0.04693   0.08132   0.07705   0.06523
   142/299     14.8G   0.07708   0.09023   0.06273      0.23       210       640    0.1504    0.1092     0.127   0.04998   0.07844   0.07602   0.06141
   143/299     14.8G   0.07941   0.08305   0.06001    0.2225       198       640    0.1169   0.08926   0.08989   0.03134   0.08321   0.07499   0.06459
   144/299     14.8G   0.08102   0.08984   0.06103    0.2319       240       640    0.1025    0.1022     0.121   0.04672   0.07898   0.07544   0.06243
   145/299     14.8G   0.07834   0.08673   0.05914    0.2242       234       640    0.1428    0.1326    0.1069   0.04019    0.0811   0.07581   0.06182
   146/299     14.8G   0.07649   0.08607   0.05914    0.2217       168       640    0.1663    0.1831    0.1515   0.05807   0.07591   0.07345   0.05672
   147/299     14.8G   0.07508   0.08158   0.05812    0.2148       162       640    0.1779    0.2001    0.1754   0.06636   0.07524   0.07036   0.05439
   148/299     14.8G   0.07871   0.08706   0.05557    0.2214       159       640    0.1332    0.1926    0.1629   0.06396   0.07531   0.06976    0.0534
   149/299     14.8G   0.07906   0.08679   0.05791    0.2238       185       640    0.1356    0.2049    0.1552   0.05732   0.07496     0.069   0.05269
   150/299     14.8G   0.07826   0.09424   0.05848     0.231       217       640    0.1296    0.2114    0.1596   0.06193   0.07497   0.07192   0.05488
   151/299     14.8G   0.07809   0.09127   0.06041    0.2298       207       640    0.1862      0.25    0.2208   0.09199   0.07025   0.06638   0.05017
   152/299     14.8G   0.07438   0.08148   0.05645    0.2123       152       640    0.1676    0.2385    0.2142   0.09086   0.07012   0.06868    0.0502
   153/299     14.8G   0.07668   0.09758   0.05434    0.2286       274       640    0.1579     0.226    0.2108   0.08676     0.071   0.06663   0.05039
   154/299     14.8G   0.07788   0.08563   0.05426    0.2178       206       640    0.1463    0.1524    0.1538   0.05311   0.07573   0.06762   0.05287
   155/299     14.8G    0.0779   0.07975   0.05541    0.2131       210       640    0.2012    0.2269    0.2078   0.07682   0.07128   0.06456   0.04909
   156/299     14.8G   0.07477   0.08278   0.05856    0.2161       182       640    0.2436     0.189    0.2004   0.08187   0.07112    0.0654   0.05035
   157/299     14.8G   0.07485   0.09244   0.05296    0.2202       230       640    0.2521    0.2782    0.2468   0.09868   0.07196   0.06854   0.04811
   158/299     14.8G   0.07576    0.0898    0.0582    0.2238       218       640    0.2652    0.2537    0.2682     0.115   0.06936   0.06511   0.04816
   159/299     14.8G   0.07381    0.0826   0.05516    0.2116       139       640     0.249    0.2394      0.24    0.1007    0.0705   0.06784   0.04992
   160/299     14.8G   0.07766   0.08404     0.053    0.2147       227       640    0.2859      0.26    0.2485    0.1013   0.07146    0.0645   0.04809
   161/299     14.8G   0.07721   0.08528   0.05345    0.2159       206       640    0.2388    0.3185    0.2997    0.1434   0.06966   0.06445   0.04664
   162/299     14.8G    0.0742   0.09062    0.0547    0.2195       210       640    0.2513    0.2866    0.2674    0.1129   0.06785   0.06405   0.04624
   163/299     14.8G   0.07437   0.07918   0.05575    0.2093       211       640    0.2395    0.2585    0.2612    0.1124    0.0691   0.06201   0.04626
   164/299     14.8G   0.07573   0.08971   0.05253     0.218       265       640    0.2267     0.367    0.3151    0.1418   0.06731   0.06882   0.04453
   165/299     14.8G   0.07381   0.08089   0.05412    0.2088       187       640    0.2645    0.2833    0.2793    0.1168   0.06701   0.06289   0.04485
   166/299     14.8G   0.07325    0.0918   0.05159    0.2166       217       640    0.2049    0.3367    0.2943    0.1256   0.06995   0.06953   0.04473
   167/299     14.8G   0.07216   0.08768   0.05281    0.2126       209       640    0.2735    0.3818    0.3372    0.1468   0.06608   0.06492   0.04443
   168/299     14.8G   0.07408   0.08327   0.04991    0.2073       149       640     0.214    0.3353     0.281    0.1049   0.06859    0.0651   0.04441
   169/299     14.8G    0.0724    0.0833    0.0502    0.2059       144       640    0.2904    0.3693    0.3209    0.1403   0.06632   0.06261   0.04348
   170/299     14.8G   0.07141   0.07874   0.05157    0.2017       134       640    0.2319     0.338    0.2925    0.1364    0.0667   0.06353   0.04454
   171/299     14.8G   0.07051   0.08289   0.05126    0.2047       213       640    0.2901    0.3607    0.3334     0.152   0.06512   0.06019   0.04277
   172/299     14.8G   0.07346   0.07988   0.05408    0.2074       153       640    0.3101      0.37    0.3357    0.1534   0.06785   0.05977   0.04296
   173/299     14.8G   0.07289   0.07787    0.0502     0.201       202       640    0.2123    0.3699    0.3287    0.1395   0.06705   0.06114   0.04209
   174/299     14.8G   0.07388   0.07866   0.05067    0.2032       194       640    0.2556    0.3411     0.321    0.1412   0.06735   0.06007   0.04212
   175/299     14.8G   0.07286   0.07962   0.05089    0.2034       200       640    0.2559    0.3502    0.3228    0.1482    0.0672   0.06238   0.04364
   176/299     14.8G   0.07209   0.08704   0.04867    0.2078       288       640    0.2515    0.4031    0.3625    0.1589   0.06692   0.06269   0.04129
   177/299     14.8G   0.07155   0.07664   0.05183       0.2       184       640    0.2645    0.3873    0.3364    0.1469   0.06714    0.0611   0.04098
   178/299     14.8G   0.07287   0.07807   0.05035    0.2013       148       640    0.2593    0.3712    0.3461     0.145   0.06628   0.06052   0.04047
   179/299     14.8G    0.0735    0.0835   0.04679    0.2038       170       640    0.2834    0.4194    0.3895    0.1854   0.06556    0.0607   0.03996
   180/299     14.8G   0.07039   0.08688   0.04576     0.203       182       640    0.2739    0.4058    0.3872     0.176   0.06412   0.06091    0.0402
   181/299     14.8G   0.07372   0.08014   0.04548    0.1993       185       640     0.286    0.3908    0.3634    0.1577   0.06625   0.05743   0.03961
   182/299     14.8G   0.07096   0.07762   0.04608    0.1947       215       640     0.318    0.3886     0.355    0.1512    0.0649   0.05863   0.03997
   183/299     14.8G    0.0693   0.07766   0.04754    0.1945       156       640    0.2865    0.4118    0.3553    0.1668    0.0641   0.05935   0.03968
   184/299     14.8G   0.07016   0.08112   0.04748    0.1988       204       640    0.2815    0.4363    0.3987    0.1953   0.06283   0.06054   0.03957
   185/299     14.8G     0.068   0.07492   0.04694    0.1899       199       640    0.2818    0.4292    0.3867     0.177   0.06348    0.0584   0.03905
   186/299     14.8G   0.06893   0.07987   0.04658    0.1954       205       640    0.2638     0.406    0.3685    0.1666   0.06375    0.0587   0.03996
   187/299     14.8G   0.06912   0.07745   0.04604    0.1926       173       640    0.2642    0.3761    0.3324    0.1537   0.06536   0.06288   0.04228
   188/299     14.8G   0.07024   0.08576   0.04661    0.2026       263       640    0.2445     0.452    0.3851    0.1748   0.06299   0.05822   0.03781
   189/299     14.8G   0.06929   0.07715   0.04709    0.1935       260       640    0.2866    0.4839    0.4047    0.1873   0.06311    0.0584   0.03752
   190/299     14.8G   0.06844   0.08053    0.0452    0.1942       157       640    0.2513    0.4109    0.3624    0.1448   0.06561   0.05996    0.0385
   191/299     14.8G   0.06793   0.07851   0.04605    0.1925       182       640    0.3023    0.4179    0.3897    0.1529   0.06427   0.05969   0.03954
   192/299     14.8G   0.06974   0.08226   0.04679    0.1988       224       640    0.2409    0.4385    0.4012    0.1816   0.06285   0.05805   0.03766
   193/299     14.8G   0.06759   0.08002   0.04551    0.1931       175       640    0.2586    0.4541    0.3961    0.1833   0.06188   0.06025   0.03691
   194/299     14.8G   0.06838    0.0812   0.04421    0.1938       270       640    0.2411     0.467    0.3809    0.1741   0.06407   0.06001   0.03651
   195/299     14.8G   0.06759   0.08205   0.04477    0.1944       201       640    0.2402    0.4894    0.4131    0.1892   0.06249   0.05984   0.03616
   196/299     14.8G   0.06853   0.08229    0.0429    0.1937       205       640    0.2842    0.4993    0.4352    0.2043   0.05993   0.05542   0.03575
   197/299     14.8G   0.06895   0.07559   0.04432    0.1889       175       640     0.298    0.5094    0.4383    0.2021   0.06053   0.05599   0.03569
   198/299     14.8G   0.06816   0.07624   0.04506    0.1895       214       640    0.3529    0.4985    0.4468     0.224   0.06031   0.05603    0.0356
   199/299     14.8G   0.07057   0.07712   0.04383    0.1915       176       640    0.3112    0.5252    0.4481     0.225   0.06061   0.05577   0.03518
   200/299     14.8G    0.0675   0.08119   0.04347    0.1922       209       640    0.2735    0.5131    0.4348     0.216   0.05969   0.05695    0.0349
   201/299     14.8G   0.06708   0.08007   0.04267    0.1898       200       640    0.2736    0.5269    0.4424    0.2165   0.05988   0.05532   0.03457
   202/299     14.8G   0.06594   0.07704   0.04488    0.1879       192       640    0.2861    0.4992    0.4357    0.2239   0.05973   0.05679   0.03622
   203/299     14.8G   0.06738   0.07771   0.04421    0.1893       145       640      0.27    0.4638    0.4195    0.1897   0.06099   0.05554   0.03533
   204/299     14.8G   0.06812    0.0746   0.04021    0.1829       186       640    0.2873    0.4753    0.4107    0.1782   0.06173   0.05518   0.03467
   205/299     14.8G    0.0662   0.07298   0.04172    0.1809       221       640    0.3268    0.4911    0.4466    0.2068   0.06011   0.05544   0.03497
   206/299     14.8G   0.06529   0.07598    0.0407     0.182       265       640    0.2987     0.518    0.4561    0.2142   0.05906   0.05525   0.03431
   207/299     14.8G   0.06669   0.08116   0.04242    0.1903       204       640    0.2798     0.544    0.4646    0.2209   0.05938   0.05682   0.03365
   208/299     14.8G   0.06663    0.0807   0.04244    0.1898       245       640    0.2983    0.5711    0.4753    0.2252   0.05976   0.05785   0.03361
   209/299     14.8G   0.06523   0.07285   0.04054    0.1786       128       640    0.2849    0.5728    0.4962    0.2472   0.05788   0.05597   0.03291
   210/299     14.8G   0.06542   0.07319   0.04474    0.1833       230       640    0.2845    0.5598      0.48    0.2271   0.05903   0.05546   0.03342
   211/299     14.8G   0.06509   0.07485   0.04124    0.1812       128       640    0.3136    0.5465    0.4697    0.2383   0.05976   0.05556   0.03407
   212/299     14.8G    0.0642   0.07576   0.04158    0.1815       291       640    0.2745    0.5878    0.5043    0.2663   0.05795   0.05556   0.03253
   213/299     14.8G   0.06555   0.07521   0.04044    0.1812       205       640    0.2405    0.5897    0.4954    0.2588   0.05755   0.05557   0.03206
   214/299     14.8G   0.06545   0.07648   0.03746    0.1794       167       640    0.2797    0.6027    0.5175     0.265   0.05701   0.05677   0.03196
   215/299     14.8G   0.06556   0.07797    0.0393    0.1828       177       640    0.3164    0.6172    0.5361    0.2773   0.05708   0.05614   0.03178
   216/299     14.8G    0.0647   0.07476   0.04018    0.1796       182       640    0.3209    0.6177    0.5469    0.2681   0.05796   0.05611   0.03157
   217/299     14.8G   0.06493   0.07515    0.0398    0.1799       238       640    0.3139    0.5743    0.5276    0.2684   0.05725   0.05392   0.03184
   218/299     14.8G   0.06367   0.07481   0.04068    0.1792       206       640    0.3188    0.5274    0.4864    0.2434   0.05863   0.05446   0.03326
   219/299     14.8G   0.06489   0.07014   0.04215    0.1772       256       640    0.3014    0.5974    0.5471    0.2723   0.05694   0.05289    0.0312
   220/299     14.8G    0.0636   0.07299   0.03982    0.1764       207       640    0.2479    0.5877    0.5135    0.2568   0.05815   0.05319   0.03165
   221/299     14.8G   0.06462   0.07127   0.03981    0.1757       190       640    0.3059    0.6067     0.525    0.2526   0.05791   0.05304    0.0314
   222/299     14.8G   0.06505   0.07465   0.03874    0.1784       219       640    0.3448    0.6086    0.5527    0.2785    0.0556   0.05242   0.03078
   223/299     14.8G   0.06487   0.07795   0.04054    0.1834       253       640    0.3147    0.5901    0.5318    0.2731   0.05624   0.05301   0.03103
   224/299     14.8G   0.06512    0.0816   0.03837    0.1851       269       640    0.3178    0.6311    0.5408    0.2647   0.05696   0.05344   0.03075
   225/299     14.8G   0.06148   0.07533   0.03917     0.176       163       640    0.3064    0.6362    0.5532    0.2852   0.05586   0.05215   0.03011
   226/299     14.8G   0.06135   0.07226   0.03807    0.1717       225       640    0.3491    0.6466    0.5684    0.2852   0.05496   0.05186   0.02987
   227/299     14.8G   0.06131   0.07578    0.0404    0.1775       243       640    0.3055    0.6136    0.5538    0.3021   0.05471   0.05225   0.03014
   228/299     14.8G   0.06236   0.07379   0.03796    0.1741       273       640    0.3206     0.619    0.5448    0.2857   0.05534   0.05263   0.03033
   229/299     14.8G   0.06147   0.07609   0.03751    0.1751       293       640    0.3095    0.6533    0.5716    0.3059   0.05445   0.05224   0.02956
   230/299     14.8G   0.06458   0.07337   0.03836    0.1763       235       640    0.3377    0.6601    0.5714    0.2947    0.0554   0.05225   0.02947
   231/299     14.8G   0.06364   0.07424   0.03788    0.1758       231       640    0.3314    0.6629    0.5736    0.3006   0.05576   0.05238   0.02934
   232/299     14.8G   0.06012    0.0721   0.03631    0.1685       219       640     0.283     0.669     0.571     0.312   0.05353   0.05271   0.02894
   233/299     14.8G    0.0601   0.07831   0.03661     0.175       222       640     0.281    0.6488    0.5452    0.2881   0.05517   0.05231   0.02958
   234/299     14.8G   0.06058   0.07315   0.03606    0.1698       171       640    0.2992    0.6778    0.5752    0.3062   0.05468   0.05233   0.02861
   235/299     14.8G   0.06245    0.0728   0.03731    0.1726       171       640    0.3004    0.6678    0.5613    0.2907   0.05607   0.05175   0.02823
   236/299     14.8G   0.06241   0.07127   0.03625    0.1699       231       640    0.3063    0.6766    0.5646    0.2946   0.05686   0.05133    0.0282
   237/299     14.8G   0.06175   0.07057   0.03482    0.1671       164       640     0.281    0.6735    0.5666     0.294   0.05605   0.05224   0.02786
   238/299     14.8G   0.06131   0.07009   0.03697    0.1684       225       640    0.2953    0.6817    0.5827    0.3177   0.05322   0.05097   0.02774
   239/299     14.8G   0.06093   0.07415   0.03694     0.172       214       640    0.2878    0.6858      0.59    0.3344   0.05261   0.05184   0.02753
   240/299     14.8G   0.06123   0.07192   0.03602    0.1692       187       640     0.282    0.6827    0.5907    0.3303   0.05256   0.05318   0.02751
   241/299     14.8G   0.05956   0.06906   0.03548    0.1641       186       640    0.2982    0.6852    0.5862    0.3305   0.05288   0.05251   0.02732
   242/299     14.8G   0.06044   0.07234   0.03508    0.1679       129       640     0.298    0.6722    0.5815     0.319   0.05357    0.0531   0.02747
   243/299     14.8G   0.06086   0.07339   0.03722    0.1715       169       640    0.2929    0.6801    0.5852    0.3351   0.05289   0.05324    0.0272
   244/299     14.8G   0.05969   0.07165   0.03645    0.1678       201       640    0.3004    0.6707    0.5991    0.3319    0.0524     0.052   0.02687
   245/299     14.8G   0.05996   0.06911   0.03609    0.1652       219       640    0.3158    0.6901     0.599    0.3319    0.0528   0.05123   0.02678
   246/299     14.8G   0.05955   0.07053    0.0355    0.1656       137       640    0.3241    0.6945    0.6129    0.3504   0.05236    0.0507   0.02696
   247/299     14.8G   0.05851   0.07863   0.03331    0.1704       271       640    0.2883    0.6921    0.6042    0.3379   0.05328    0.0515   0.02701
   248/299     14.8G   0.05884   0.07121   0.03645    0.1665       158       640    0.2935    0.6924    0.6162    0.3575   0.05175   0.05156   0.02635
   249/299     14.8G   0.06062   0.07332   0.03556    0.1695       171       640    0.3171    0.6975    0.6161    0.3495   0.05156   0.05022   0.02635
   250/299     14.8G   0.06066   0.07252   0.03485     0.168       259       640    0.3031    0.7141     0.622    0.3631   0.05059   0.04987   0.02609
   251/299     14.8G   0.05974   0.07659   0.03343    0.1698       168       640    0.2853    0.7211    0.6285    0.3683   0.05069   0.05062   0.02601
   252/299     14.8G   0.05897   0.07303   0.03521    0.1672       217       640    0.2895    0.7189    0.6198    0.3513   0.05108   0.04989     0.026
   253/299     14.8G    0.0582   0.07614   0.03279    0.1671       176       640    0.2895    0.7164    0.6086    0.3356   0.05154    0.0504   0.02575
   254/299     14.8G   0.06064   0.07606   0.03564    0.1723       293       640     0.305    0.7096    0.6223    0.3555   0.05122   0.04966    0.0259
   255/299     14.8G   0.06104   0.07489   0.03366    0.1696       250       640    0.3047    0.7164    0.6318    0.3451   0.05101   0.04954   0.02583
   256/299     14.8G   0.05702   0.06236   0.03392    0.1533       135       640    0.3163    0.7106    0.6341     0.356   0.05213   0.04964   0.02634
   257/299     14.8G   0.05706   0.06774   0.03398    0.1588       173       640    0.3197    0.7087    0.6389    0.3558    0.0515   0.04972   0.02618
   258/299     14.8G   0.05898    0.0676   0.03176    0.1583       180       640    0.2862    0.7174    0.6258    0.3614   0.05166   0.04964   0.02567
   259/299     14.8G   0.05847   0.07479   0.03363    0.1669       292       640    0.2864    0.7194    0.6234    0.3466   0.05244   0.04981   0.02548
   260/299     14.8G    0.0587   0.07215    0.0339    0.1648       158       640     0.299    0.7064    0.6209    0.3322   0.05233   0.05051   0.02542
   261/299     14.8G   0.05891   0.06645   0.03532    0.1607       147       640    0.3136    0.7243    0.6281     0.353   0.05173   0.04993   0.02512
   262/299     14.8G   0.06004   0.07054    0.0345    0.1651       297       640    0.3233    0.7293    0.6295    0.3494   0.05202   0.04865   0.02486
   263/299     14.8G   0.05935   0.07086   0.03419    0.1644       179       640    0.2961    0.7269    0.6295    0.3288   0.05265   0.04892   0.02466
   264/299     14.8G   0.05785   0.07438   0.03225    0.1645       167       640    0.2966     0.732    0.6442    0.3625   0.05028   0.04909   0.02446
   265/299     14.8G   0.05721   0.07022    0.0323    0.1597       220       640    0.2903    0.7304    0.6466    0.3772   0.05007   0.05038   0.02472
   266/299     14.8G   0.05814   0.06782   0.03235    0.1583       156       640    0.2838    0.7334    0.6428    0.3731   0.05058    0.0499   0.02422
   267/299     14.8G   0.05779   0.07007     0.032    0.1599       206       640    0.3045     0.705    0.6269    0.3539   0.05084   0.04988   0.02512
   268/299     14.8G    0.0573   0.06969   0.03428    0.1613       148       640    0.2916    0.7122    0.6392    0.3614    0.0501   0.04973   0.02468
   269/299     14.8G   0.05813   0.06538    0.0351    0.1586       169       640    0.3049    0.7323    0.6511     0.378   0.04964   0.04924   0.02437
   270/299     14.8G   0.05775   0.07149    0.0338     0.163       236       640    0.2985    0.7281    0.6344      0.37   0.04989   0.04863   0.02436
   271/299     14.8G   0.05861   0.06355   0.03425    0.1564       125       640    0.2904    0.7427    0.6375    0.3711   0.05039   0.04813   0.02406
   272/299     14.8G   0.05632   0.07049   0.03248    0.1593       158       640    0.2881    0.7448    0.6489    0.3832   0.04993   0.04881   0.02382
   273/299     14.8G   0.05651   0.06758   0.03318    0.1573       150       640    0.2877     0.734    0.6498    0.3782   0.04976    0.0483   0.02372
   274/299     14.8G   0.05724   0.06988   0.03345    0.1606       199       640    0.3041     0.725    0.6555    0.3792   0.04981   0.04758   0.02388
   275/299     14.8G   0.05866   0.06847     0.031    0.1581       175       640    0.3163    0.7264    0.6602    0.3868    0.0493   0.04743   0.02358
   276/299     14.8G   0.05632   0.06693   0.03203    0.1553       229       640    0.3237    0.7338    0.6704    0.3876   0.04936   0.04705   0.02365
   277/299     14.8G   0.05782   0.06649   0.03326    0.1576       160       640    0.3075    0.7368    0.6653    0.3903   0.04958   0.04738   0.02338
   278/299     14.8G   0.05802   0.06966    0.0317    0.1594       212       640    0.3054    0.7363    0.6693    0.3962   0.04886    0.0474   0.02318
   279/299     14.8G   0.05854   0.06781   0.03248    0.1588       161       640    0.3183    0.7267    0.6676    0.4056   0.04841   0.04757   0.02322
   280/299     14.8G   0.05532     0.068   0.03147    0.1548       169       640    0.3114     0.728    0.6697    0.4015   0.04861   0.04731   0.02307
   281/299     14.8G   0.05832   0.06786   0.03172    0.1579       227       640    0.3119      0.74    0.6759    0.4041   0.04835   0.04704   0.02309
   282/299     14.8G   0.05649   0.06146   0.03464    0.1526       178       640    0.3003    0.7409    0.6754    0.4096   0.04797   0.04699   0.02299
   283/299     14.8G   0.05626   0.07274   0.03271    0.1617       136       640    0.2855    0.7461    0.6706    0.4139   0.04806   0.04722   0.02289
   284/299     14.8G   0.05649   0.07331   0.02927    0.1591       236       640    0.2813    0.7403    0.6742    0.4223   0.04825   0.04784   0.02287
   285/299     14.8G   0.05617   0.07272   0.03117    0.1601       233       640    0.2886    0.7461    0.6764    0.4223   0.04802   0.04902   0.02281
   286/299     14.8G   0.05593   0.06915   0.03163    0.1567       183       640    0.3036    0.7466    0.6669    0.4099   0.04863   0.04836   0.02291
   287/299     14.8G   0.05622   0.06499   0.03331    0.1545       200       640    0.3209    0.7404    0.6609    0.3869   0.04909   0.04799   0.02338
   288/299     14.8G   0.05599   0.06923   0.03216    0.1574       214       640    0.2975    0.7485    0.6577    0.3844   0.04903   0.04793   0.02299
   289/299     14.8G   0.05515   0.06743   0.03159    0.1542       192       640    0.2985    0.7685    0.6721    0.3941   0.04809    0.0475   0.02255
   290/299     14.8G   0.05451   0.06488   0.03022    0.1496       166       640    0.3057    0.7652    0.6785    0.3972   0.04809    0.0474   0.02241
   291/299     14.8G   0.05536   0.06923   0.02959    0.1542       181       640    0.3027    0.7628    0.6839    0.4123   0.04752   0.04729   0.02219
   292/299     14.8G   0.05616   0.06724   0.03417    0.1576       242       640    0.2944    0.7615    0.6793    0.4018   0.04841   0.04823   0.02222
   293/299     14.8G    0.0543   0.06663   0.03107     0.152       246       640    0.2906    0.7637    0.6716    0.3892    0.0494   0.04868   0.02211
   294/299     14.8G   0.05483   0.06735   0.03137    0.1535       179       640     0.285    0.7671    0.6789    0.4185   0.04767   0.04818   0.02191
   295/299     14.8G   0.05684   0.06363   0.03117    0.1516       162       640    0.2793    0.7707    0.6804    0.4177   0.04795   0.04786   0.02181
   296/299     14.8G   0.05732   0.07488   0.02988    0.1621       166       640    0.2841    0.7691    0.6729    0.3873   0.04919   0.04821   0.02185
   297/299     14.8G    0.0566   0.06811   0.03101    0.1557       257       640    0.2909    0.7711      0.67    0.3887   0.04853   0.04852   0.02196
   298/299     14.8G   0.05675   0.06319   0.03163    0.1516       180       640    0.2804    0.7675    0.6788    0.4046   0.04809   0.04812    0.0215
   299/299     14.8G   0.05718   0.06894   0.03101    0.1571       214       640    0.2877    0.7559    0.6689    0.3861   0.04922   0.04786   0.02161
